VALIDITYBEG 0
VALIDITYEND NEXT 
###########################################################
#  /home/tcrawfor/spt_analysis/config/ptsrc_config_ra23h30dec-55_surveyclusters.txt
#  This file contains RA & dec & mask radius for 
#  point sources detected above  5.0 sigma
#  in the  150 GHz band.
#  Sources above  50.0 sigma
#  are masked with  5.0 arcmin radius.
###########################################################
# Index RA              DEC             Radius
#       (deg)           (deg)           (deg)
   1    359.46942     -53.18692       0.0833
   2    352.33499     -49.92806       0.0833
   3    348.93292     -50.31089       0.0833
   4    354.04861     -52.60601       0.0833
   5    353.68524     -52.85523       0.0833
   6    357.34698     -49.53932       0.0833
   7    354.36005     -59.02091       0.0833
   8    359.68716     -60.88219       0.0833
   9    359.68716     -60.88219       0.0833
  10    347.25854     -50.84985       0.0833
  11    356.83115     -51.17672       0.0833
  12    345.39975     -59.22330       0.0833
  13    355.86066     -56.44033       0.0833
  14    343.73615     -59.43393       0.0833
  15    345.96426     -54.11308       0.0833
  16    341.56573     -56.13224       0.0833
  17      0.71947     -59.80467       0.0833
  18    351.35428     -48.00318       0.0833
  19    356.92709     -49.77307       0.0833
  20    359.81784     -60.94416       0.0833
  21    358.28842     -48.09947       0.0833
  22    349.62402     -48.31246       0.0417
  23    356.36261     -59.89403       0.0417
  24    350.19815     -53.16267       0.0417
  25    358.91473     -54.30967       0.0417
  26    359.33002     -48.63722       0.0417
  27    354.11377     -48.12226       0.0417
  28    357.10141     -60.82291       0.0417
  29    359.94595     -50.70985       0.0417
  30    355.82123     -57.16169       0.0417
  31    351.65134     -61.10142       0.0417
  32    350.24896     -54.04348       0.0417
  33      1.82629     -61.21650       0.0417
  34    350.71741     -53.36821       0.0417
  35    343.58746     -51.81415       0.0417
  36      2.00597     -52.72435       0.0417
  37    344.71805     -52.34727       0.0417
  38    353.21204     -58.42434       0.0417
  39      0.76231     -55.50162       0.0417
  40    354.34515     -52.27202       0.0417
  41    344.85422     -48.30446       0.0417
  42    342.14145     -59.56787       0.0417
  43      0.79019     -54.74864       0.0417
  44      1.48773     -56.47314       0.0417
  45    343.95621     -52.76266       0.0417
  46    358.34311     -58.95782       0.0417
  47    349.81442     -53.53036       0.0417
  48    342.00128     -48.90033       0.0417
  49    357.21909     -51.05319       0.0417
  50    344.99719     -51.05714       0.0417
  51    345.23840     -52.90022       0.0417
  52      1.05564     -52.91738       0.0417
  53    359.11557     -48.75215       0.0417
  54    356.96716     -59.26285       0.0417
  55    354.23193     -48.79014       0.0417
  56    348.54739     -56.29034       0.0417
  57    346.92282     -52.84370       0.0417
  58    352.01910     -56.50215       0.0417
  59    357.18506     -58.78682       0.0417
  60    351.89612     -57.16385       0.0417
  61    358.00403     -58.48486       0.0417
  62      2.79513     -50.19265       0.0417
  63    347.75281     -60.75616       0.0417
  64    356.80637     -56.84701       0.0417
  65    348.36041     -53.72568       0.0417
  66    342.90076     -54.88641       0.0417
  67    355.32593     -58.27005       0.0417
  68    356.17227     -61.14048       0.0417
  69    358.00388     -49.96177       0.0417
  70    343.44543     -58.77044       0.0417
  71    351.93280     -52.42646       0.0417
  72      0.98600     -53.72820       0.0417
  73    354.91159     -55.09083       0.0417
  74      2.34176     -51.50249       0.0417
  75    356.55002     -55.86466       0.0417
  76    356.21133     -59.08243       0.0417
  77    351.29480     -56.94254       0.0417
  78      3.34990     -50.08538       0.0417
  79    348.39166     -52.00176       0.0417
  80    349.21948     -55.13255       0.0417
  81    347.01602     -52.31577       0.0417
  82    348.21457     -53.59781       0.0417
  83    347.78928     -56.41471       0.0417
  84      1.19213     -48.41132       0.0417
  85    350.36658     -58.55904       0.0417
  86    345.73779     -58.37484       0.0417
  87    346.14459     -50.65746       0.0417
  88      1.55122     -56.34412       0.0417
  89    347.61411     -59.68371       0.0417
  90      2.29279     -54.96825       0.0417
  91    347.45087     -58.37118       0.0417
  92    344.57663     -55.42893       0.0417
  93    357.19571     -49.77445       0.0417
  94    350.13049     -53.62113       0.0417
  95    342.90698     -58.01997       0.0417
  96      2.15185     -50.15831       0.0417
  97    358.25830     -55.50152       0.0417
  98    358.72653     -61.89903       0.0417
  99    349.24530     -49.66278       0.0417
 100      1.07781     -55.78276       0.0417
 101      0.80310     -59.09791       0.0417
 102    347.14627     -58.77763       0.0417
 103    343.00177     -58.16090       0.0417
 104    355.85025     -58.40653       0.0417
 105    347.82932     -48.32946       0.0417
 106    345.41168     -56.04259       0.0417
 107      2.60335     -60.36189       0.0417
 108    343.05789     -57.96194       0.0417
 109    346.58102     -58.58854       0.0417
 110    342.86697     -49.48425       0.0417
 111    356.77991     -57.30440       0.0417
 112    344.20163     -51.97715       0.0417
 113    359.43149     -59.59936       0.0417
 114    356.13211     -50.66611       0.0417
 115    348.31378     -49.17949       0.0417
 116    353.31741     -54.09389       0.0417
 117    343.48816     -50.42063       0.0417
 118      1.03721     -49.48754       0.0417
 119    348.26489     -48.87429       0.0417
 120    353.07285     -60.99000       0.0417
 121    352.68118     -50.79149       0.0417
 122    354.98755     -59.62259       0.0417
 123      1.80374     -53.15339       0.0417
 124    353.27518     -54.26940       0.0417
 125    359.64874     -60.95821       0.0417
 126    359.64874     -60.95821       0.0417
 127    352.56757     -52.13078       0.0417
 128    350.42911     -56.34152       0.0417
 129      1.51309     -60.59697       0.0417
 130    343.49567     -58.21404       0.0417
 131      3.36909     -57.86803       0.0417
 132    347.48892     -61.14132       0.0417
 133    348.51181     -54.72440       0.0417
 134    359.69891     -53.59115       0.0417
 135      1.36336     -55.69928       0.0417
 136    347.82059     -54.96244       0.0417
 137      0.69236     -48.26271       0.0417
 138    355.32776     -54.10068       0.0417
 139      0.72470     -56.35423       0.0417
 140    354.65363     -54.98166       0.0417
 141    344.04538     -51.55575       0.0417
 142    353.99252     -53.17805       0.0417
 143    345.49683     -53.72716       0.0417
 144    342.51318     -59.18818       0.0417
 145    357.19458     -53.35308       0.0417
 146    344.00345     -55.16882       0.0417
 147    345.74600     -50.53065       0.0417
 148    350.48364     -51.43256       0.0417
 149    359.85101     -60.84126       0.0417
 150    346.54404     -48.08959       0.0417
 151    356.63144     -58.47628       0.0417
 152      2.48986     -57.02199       0.0417
 153    342.71790     -59.22573       0.0417
 154    359.53488     -55.85793       0.0417
 155    359.12082     -48.26314       0.0417
 156    342.70880     -56.19851       0.0417
 157    350.72214     -49.27508       0.0417
 158    352.32941     -53.65144       0.0417
 159    356.90695     -57.34362       0.0417
 160    348.13895     -56.65712       0.0417
 161    355.57251     -54.48864       0.0417
 162      2.16127     -59.83286       0.0417
 163    349.04257     -53.50169       0.0417
 164    348.92987     -50.65690       0.0417
 165      0.55056     -59.45858       0.0417
 166    358.17447     -59.46375       0.0417
 167    350.56174     -48.60334       0.0417
 168    346.54077     -53.74315       0.0417
 169    350.63992     -55.85907       0.0417
 170    359.74796     -49.47688       0.0417
 171    354.80060     -55.39310       0.0417
 172    348.53323     -50.44215       0.0417
 173    348.00632     -56.87384       0.0417
 174    351.97025     -50.53094       0.0417
 175    354.56976     -54.32585       0.0417
 176    359.73230     -51.10200       0.0417
 177    359.01285     -51.21347       0.0417
 178    344.44296     -58.77581       0.0417
 179      1.81247     -51.38540       0.0417
 180    349.25732     -52.16960       0.0417
 181    357.31375     -54.59309       0.0417
 182      0.78837     -52.97112       0.0417
 183    359.11499     -61.90019       0.0417
 184    354.98108     -50.68514       0.0417
 185    348.94458     -59.05485       0.0417
 186    356.07993     -60.96716       0.0417
 187    345.06760     -49.67530       0.0417
 188    344.74515     -59.32891       0.0417
 189    352.81912     -52.19831       0.0417
 190    358.30164     -53.19402       0.0417
 191    349.09604     -54.49635       0.0417
 192    359.44003     -53.13712       0.0417
 193    347.89447     -48.89610       0.0417
 194    348.87003     -59.64740       0.0417
 195    357.67242     -48.15993       0.0417
 196    348.88464     -50.98259       0.0417
 197    354.39948     -50.10158       0.0417
 198    349.22870     -55.99347       0.0417
 199      1.66052     -49.17762       0.0417
 200    348.80576     -55.01435       0.0417
 201    346.17014     -53.79549       0.0417
 202    354.29117     -58.02708       0.0417
 203    344.40015     -61.26995       0.0417
 204    350.76450     -52.36223       0.0417
 205    342.52258     -51.73872       0.0417
 206    342.59766     -54.21236       0.0417
 207    346.18542     -49.56797       0.0417
 208    359.53906     -53.21326       0.0417
 209    355.19492     -59.32379       0.0417
 210    347.42081     -49.85123       0.0417
 211    358.29654     -54.80094       0.0417
 212    356.36780     -49.27077       0.0417
 213    347.41498     -57.05626       0.0417
 214    351.08606     -55.42882       0.0417
 215    355.94397     -51.24811       0.0417
 216    354.33688     -50.55731       0.0417
 217    350.91937     -54.83607       0.0417
 218    357.42450     -56.63134       0.0417
 219    349.30234     -60.33904       0.0417
 220      1.62594     -53.55705       0.0417
 221    343.70163     -55.35427       0.0417
 222    341.60773     -48.56156       0.0417
 223    353.84723     -48.45952       0.0417
 224    348.27948     -55.06670       0.0417
 225    350.53198     -54.75694       0.0417
 226    349.27167     -59.06358       0.0417
 227    355.59985     -56.79272       0.0417
 228    351.58749     -56.92837       0.0417
 229      3.32160     -56.17326       0.0417
 230    348.38885     -50.84301       0.0417
 231    355.32938     -59.46747       0.0417
 232      0.02539     -49.55675       0.0417
 233    353.65765     -54.69064       0.0417
 234    347.98627     -48.51984       0.0417
 235    341.70706     -52.82932       0.0417
 236    359.54065     -60.89231       0.0417
 237      1.37142     -59.99084       0.0417
 238    358.18713     -49.03840       0.0417
 239    350.09717     -61.79040       0.0417
 240    359.66507     -60.79575       0.0417
 241      0.98900     -60.57689       0.0417
 242    347.82794     -49.17770       0.0417
