      110.000  -0.00170933
      110.100  -0.00165305
      110.200  -0.00158693
      110.300  -0.00151201
      110.400  -0.00142935
      110.500  -0.00133997
      110.600  -0.00124493
      110.700  -0.00114525
      110.800  -0.00104198
      110.900 -0.000936174
      111.000 -0.000828862
      111.100 -0.000721088
      111.200 -0.000613893
      111.300 -0.000508310
      111.400 -0.000405397
      111.500 -0.000306187
      111.600 -0.000211722
      111.700 -0.000123043
      111.800 -4.11858e-05
      111.900  3.27969e-05
      112.000  9.78683e-05
      112.100  0.000152988
      112.200  0.000197114
      112.300  0.000229208
      112.400  0.000248222
      112.500  0.000253120
      112.600  0.000242929
      112.700  0.000217994
      112.800  0.000179809
      112.900  0.000129917
      113.000  6.98518e-05
      113.100  1.14975e-06
      113.200 -7.46524e-05
      113.300 -0.000156024
      113.400 -0.000241416
      113.500 -0.000329298
      113.600 -0.000418134
      113.700 -0.000506386
      113.800 -0.000592526
      113.900 -0.000675002
      114.000 -0.000752284
      114.100 -0.000827122
      114.200 -0.000904215
      114.300 -0.000980581
      114.400  -0.00105478
      114.500  -0.00112538
      114.600  -0.00119095
      114.700  -0.00125007
      114.800  -0.00130131
      114.900  -0.00134322
      115.000  -0.00137440
      115.100  -0.00139339
      115.200  -0.00139878
      115.300  -0.00138914
      115.400  -0.00136303
      115.500  -0.00131902
      115.600  -0.00123670
      115.700  -0.00111526
      115.800 -0.000973080
      115.900 -0.000813616
      116.000 -0.000640305
      116.100 -0.000456589
      116.200 -0.000265912
      116.300 -7.17026e-05
      116.400  0.000122567
      116.500  0.000313469
      116.600  0.000497559
      116.700  0.000671395
      116.800  0.000831543
      116.900  0.000974539
      117.000   0.00109695
      117.100   0.00118332
      117.200   0.00124000
      117.300   0.00128025
      117.400   0.00130483
      117.500   0.00131451
      117.600   0.00131007
      117.700   0.00129225
      117.800   0.00126184
      117.900   0.00121961
      118.000   0.00116631
      118.100   0.00110272
      118.200   0.00102961
      118.300  0.000947731
      118.400  0.000857869
      118.500  0.000760785
      118.600  0.000648546
      118.700  0.000515185
      118.800  0.000368884
      118.900  0.000212737
      119.000  4.98090e-05
      119.100 -0.000116827
      119.200 -0.000284100
      119.300 -0.000448947
      119.400 -0.000608270
      119.500 -0.000759008
      119.600 -0.000898089
      119.700  -0.00102244
      119.800  -0.00112899
      119.900  -0.00121465
      120.000  -0.00127637
      120.100  -0.00130876
      120.200  -0.00131651
      120.300  -0.00130414
      120.400  -0.00127222
      120.500  -0.00122131
      120.600  -0.00115200
      120.700  -0.00106486
      120.800 -0.000960445
      120.900 -0.000839357
      121.000 -0.000702157
      121.100 -0.000549420
      121.200 -0.000381718
      121.300 -0.000199612
      121.400 -3.70131e-06
      121.500  0.000205454
      121.600  0.000153666
      121.700 -0.000198072
      121.800 -0.000581951
      121.900 -0.000966835
      122.000  -0.00132168
      122.100  -0.00161540
      122.200  -0.00181692
      122.300  -0.00189518
      122.400  -0.00181907
      122.500  -0.00155754
      122.600  -0.00107951
      122.700 -0.000353896
      122.800  0.000650460
      122.900   0.00196449
      123.000   0.00361932
      123.100   0.00498052
      123.200   0.00590008
      123.300   0.00701711
      123.400   0.00839609
      123.500    0.0101017
      123.600    0.0121987
      123.700    0.0147516
      123.800    0.0178253
      123.900    0.0214841
      124.000    0.0257928
      124.100    0.0308160
      124.200    0.0366184
      124.300    0.0432652
      124.400    0.0508200
      124.500    0.0593479
      124.600    0.0701968
      124.700    0.0836707
      124.800    0.0983870
      124.900     0.114100
      125.000     0.130566
      125.100     0.147544
      125.200     0.164788
      125.300     0.182057
      125.400     0.199105
      125.500     0.215689
      125.600     0.231566
      125.700     0.246492
      125.800     0.260226
      125.900     0.272520
      126.000     0.283133
      126.100     0.290402
      126.200     0.294425
      126.300     0.296874
      126.400     0.297920
      126.500     0.297734
      126.600     0.296487
      126.700     0.294351
      126.800     0.291497
      126.900     0.288096
      127.000     0.284321
      127.100     0.280342
      127.200     0.276330
      127.300     0.272458
      127.400     0.268895
      127.500     0.265815
      127.600     0.264081
      127.700     0.263374
      127.800     0.262850
      127.900     0.262537
      128.000     0.262464
      128.100     0.262662
      128.200     0.263158
      128.300     0.263982
      128.400     0.265164
      128.500     0.266732
      128.600     0.268716
      128.700     0.271145
      128.800     0.274048
      128.900     0.277455
      129.000     0.281395
      129.100     0.286032
      129.200     0.291447
      129.300     0.297457
      129.400     0.303991
      129.500     0.310982
      129.600     0.318360
      129.700     0.326053
      129.800     0.333996
      129.900     0.342116
      130.000     0.350346
      130.100     0.358616
      130.200     0.366855
      130.300     0.374997
      130.400     0.382969
      130.500     0.390705
      130.600     0.398580
      130.700     0.406928
      130.800     0.415296
      130.900     0.423580
      131.000     0.431683
      131.100     0.439502
      131.200     0.446934
      131.300     0.453881
      131.400     0.460240
      131.500     0.465911
      131.600     0.470793
      131.700     0.474785
      131.800     0.477785
      131.900     0.479694
      132.000     0.480409
      132.100     0.478183
      132.200     0.472478
      132.300     0.465272
      132.400     0.456866
      132.500     0.447553
      132.600     0.437633
      132.700     0.427405
      132.800     0.417161
      132.900     0.407203
      133.000     0.397824
      133.100     0.389323
      133.200     0.381998
      133.300     0.376145
      133.400     0.372061
      133.500     0.370044
      133.600     0.373035
      133.700     0.381531
      133.800     0.392200
      133.900     0.404686
      134.000     0.418641
      134.100     0.433711
      134.200     0.449544
      134.300     0.465790
      134.400     0.482094
      134.500     0.498110
      134.600     0.513482
      134.700     0.527858
      134.800     0.540889
      134.900     0.552220
      135.000     0.561503
      135.100     0.566103
      135.200     0.565789
      135.300     0.563567
      135.400     0.559679
      135.500     0.554366
      135.600     0.547867
      135.700     0.540427
      135.800     0.532283
      135.900     0.523680
      136.000     0.514855
      136.100     0.506052
      136.200     0.497512
      136.300     0.489474
      136.400     0.482182
      136.500     0.475875
      136.600     0.471647
      136.700     0.469281
      136.800     0.467551
      136.900     0.466457
      137.000     0.465997
      137.100     0.466170
      137.200     0.466974
      137.300     0.468409
      137.400     0.470471
      137.500     0.473162
      137.600     0.476478
      137.700     0.480419
      137.800     0.484983
      137.900     0.490169
      138.000     0.495975
      138.100     0.502802
      138.200     0.511014
      138.300     0.520096
      138.400     0.529886
      138.500     0.540230
      138.600     0.550967
      138.700     0.561938
      138.800     0.572990
      138.900     0.583959
      139.000     0.594693
      139.100     0.605030
      139.200     0.614812
      139.300     0.623884
      139.400     0.632085
      139.500     0.639259
      139.600     0.644513
      139.700     0.647756
      139.800     0.650060
      139.900     0.651514
      140.000     0.652208
      140.100     0.652231
      140.200     0.651672
      140.300     0.650622
      140.400     0.649169
      140.500     0.647404
      140.600     0.645415
      140.700     0.643292
      140.800     0.641125
      140.900     0.639003
      141.000     0.637016
      141.100     0.635189
      141.200     0.633205
      141.300     0.631086
      141.400     0.628922
      141.500     0.626802
      141.600     0.624819
      141.700     0.623062
      141.800     0.621622
      141.900     0.620589
      142.000     0.620054
      142.100     0.620107
      142.200     0.620839
      142.300     0.622339
      142.400     0.624699
      142.500     0.628009
      142.600     0.633403
      142.700     0.641424
      142.800     0.650586
      142.900     0.660684
      143.000     0.671516
      143.100     0.682879
      143.200     0.694565
      143.300     0.706376
      143.400     0.718103
      143.500     0.729547
      143.600     0.740502
      143.700     0.750763
      143.800     0.760129
      143.900     0.768395
      144.000     0.775358
      144.100     0.779427
      144.200     0.780111
      144.300     0.779491
      144.400     0.777751
      144.500     0.775075
      144.600     0.771649
      144.700     0.767658
      144.800     0.763285
      144.900     0.758716
      145.000     0.754134
      145.100     0.749726
      145.200     0.745675
      145.300     0.742166
      145.400     0.739384
      145.500     0.737514
      145.600     0.737630
      145.700     0.739915
      145.800     0.742962
      145.900     0.746700
      146.000     0.751057
      146.100     0.755964
      146.200     0.761349
      146.300     0.767142
      146.400     0.773271
      146.500     0.779666
      146.600     0.786257
      146.700     0.792971
      146.800     0.799740
      146.900     0.806490
      147.000     0.813154
      147.100     0.819442
      147.200     0.825427
      147.300     0.831478
      147.400     0.837559
      147.500     0.843640
      147.600     0.849686
      147.700     0.855663
      147.800     0.861538
      147.900     0.867276
      148.000     0.872847
      148.100     0.878216
      148.200     0.883348
      148.300     0.888211
      148.400     0.892771
      148.500     0.896996
      148.600     0.900776
      148.700     0.904082
      148.800     0.907055
      148.900     0.909722
      149.000     0.912112
      149.100     0.914251
      149.200     0.916167
      149.300     0.917887
      149.400     0.919440
      149.500     0.920851
      149.600     0.922149
      149.700     0.923361
      149.800     0.924515
      149.900     0.925637
      150.000     0.926756
      150.100     0.928001
      150.200     0.929357
      150.300     0.930645
      150.400     0.931882
      150.500     0.933082
      150.600     0.934263
      150.700     0.935439
      150.800     0.936625
      150.900     0.937838
      151.000     0.939093
      151.100     0.940406
      151.200     0.941792
      151.300     0.943266
      151.400     0.944844
      151.500     0.946543
      151.600     0.947861
      151.700     0.948358
      151.800     0.948820
      151.900     0.949329
      152.000     0.949969
      152.100     0.950823
      152.200     0.951973
      152.300     0.953501
      152.400     0.955492
      152.500     0.958027
      152.600     0.961189
      152.700     0.965061
      152.800     0.969726
      152.900     0.975265
      153.000     0.981764
      153.100     0.990427
      153.200      1.00218
      153.300      1.01518
      153.400      1.02917
      153.500      1.04391
      153.600      1.05915
      153.700      1.07466
      153.800      1.09017
      153.900      1.10546
      154.000      1.12027
      154.100      1.13437
      154.200      1.14749
      154.300      1.15942
      154.400      1.16988
      154.500      1.17865
      154.600      1.18489
      154.700      1.18846
      154.800      1.19053
      154.900      1.19117
      155.000      1.19050
      155.100      1.18858
      155.200      1.18553
      155.300      1.18141
      155.400      1.17633
      155.500      1.17038
      155.600      1.16364
      155.700      1.15620
      155.800      1.14816
      155.900      1.13960
      156.000      1.13062
      156.100      1.12156
      156.200      1.11225
      156.300      1.10217
      156.400      1.09147
      156.500      1.08027
      156.600      1.06869
      156.700      1.05687
      156.800      1.04493
      156.900      1.03300
      157.000      1.02121
      157.100      1.00968
      157.200     0.998549
      157.300     0.987937
      157.400     0.977975
      157.500     0.968789
      157.600     0.960737
      157.700     0.953826
      157.800     0.947544
      157.900     0.941877
      158.000     0.936803
      158.100     0.932308
      158.200     0.928371
      158.300     0.924976
      158.400     0.922105
      158.500     0.919739
      158.600     0.917861
      158.700     0.916453
      158.800     0.915496
      158.900     0.914973
      159.000     0.914866
      159.100     0.915576
      159.200     0.917711
      159.300     0.920551
      159.400     0.923935
      159.500     0.927701
      159.600     0.931686
      159.700     0.935730
      159.800     0.939670
      159.900     0.943345
      160.000     0.946593
      160.100     0.949252
      160.200     0.951160
      160.300     0.952157
      160.400     0.952079
      160.500     0.950765
      160.600     0.946622
      160.700     0.938297
      160.800     0.928509
      160.900     0.917533
      161.000     0.905636
      161.100     0.893090
      161.200     0.880168
      161.300     0.867136
      161.400     0.854270
      161.500     0.841837
      161.600     0.830108
      161.700     0.819357
      161.800     0.809851
      161.900     0.801863
      162.000     0.795662
      162.100     0.792808
      162.200     0.794353
      162.300     0.797671
      162.400     0.802548
      162.500     0.808773
      162.600     0.816132
      162.700     0.824412
      162.800     0.833402
      162.900     0.842887
      163.000     0.852657
      163.100     0.862498
      163.200     0.872196
      163.300     0.881541
      163.400     0.890318
      163.500     0.898317
      163.600     0.904698
      163.700     0.909207
      163.800     0.913227
      163.900     0.916755
      164.000     0.919789
      164.100     0.922327
      164.200     0.924365
      164.300     0.925902
      164.400     0.926935
      164.500     0.927462
      164.600     0.927479
      164.700     0.926985
      164.800     0.925977
      164.900     0.924452
      165.000     0.922408
      165.100     0.919913
      165.200     0.916929
      165.300     0.913315
      165.400     0.909142
      165.500     0.904476
      165.600     0.899384
      165.700     0.893935
      165.800     0.888195
      165.900     0.882232
      166.000     0.876113
      166.100     0.869906
      166.200     0.863678
      166.300     0.857497
      166.400     0.851430
      166.500     0.845544
      166.600     0.839967
      166.700     0.834609
      166.800     0.829280
      166.900     0.824019
      167.000     0.818861
      167.100     0.813843
      167.200     0.809003
      167.300     0.804375
      167.400     0.799998
      167.500     0.795907
      167.600     0.792139
      167.700     0.788732
      167.800     0.785721
      167.900     0.783142
      168.000     0.781033
      168.100     0.779883
      168.200     0.780317
      168.300     0.781379
      168.400     0.782943
      168.500     0.784889
      168.600     0.787093
      168.700     0.789431
      168.800     0.791782
      168.900     0.794022
      169.000     0.796028
      169.100     0.797678
      169.200     0.798848
      169.300     0.799416
      169.400     0.799259
      169.500     0.798254
      169.600     0.795598
      169.700     0.790495
      169.800     0.784483
      169.900     0.777697
      170.000     0.770267
      170.100     0.762326
      170.200     0.754006
      170.300     0.745436
      170.400     0.736753
      170.500     0.728083
      170.600     0.719561
      170.700     0.711320
      170.800     0.703488
      170.900     0.696200
      171.000     0.689586
      171.100     0.684329
      171.200     0.681006
      171.300     0.678302
      171.400     0.676148
      171.500     0.674472
      171.600     0.673206
      171.700     0.672279
      171.800     0.671622
      171.900     0.671165
      172.000     0.670837
      172.100     0.670570
      172.200     0.670293
      172.300     0.669937
      172.400     0.669431
      172.500     0.668707
      172.600     0.667912
      172.700     0.667555
      172.800     0.667224
      172.900     0.666829
      173.000     0.666277
      173.100     0.665479
      173.200     0.664345
      173.300     0.662782
      173.400     0.660701
      173.500     0.658010
      173.600     0.654620
      173.700     0.650439
      173.800     0.645375
      173.900     0.639341
      174.000     0.632242
      174.100     0.623620
      174.200     0.612881
      174.300     0.600950
      174.400     0.587973
      174.500     0.574094
      174.600     0.559461
      174.700     0.544219
      174.800     0.528518
      174.900     0.512502
      175.000     0.496314
      175.100     0.480102
      175.200     0.464014
      175.300     0.448198
      175.400     0.432797
      175.500     0.417956
      175.600     0.404304
      175.700     0.392348
      175.800     0.380813
      175.900     0.369668
      176.000     0.358886
      176.100     0.348440
      176.200     0.338304
      176.300     0.328452
      176.400     0.318855
      176.500     0.309486
      176.600     0.300318
      176.700     0.291324
      176.800     0.282479
      176.900     0.273754
      177.000     0.265121
      177.100     0.256214
      177.200     0.246536
      177.300     0.236938
      177.400     0.227447
      177.500     0.218091
      177.600     0.208901
      177.700     0.199906
      177.800     0.191137
      177.900     0.182620
      178.000     0.174385
      178.100     0.166462
      178.200     0.158879
      178.300     0.151668
      178.400     0.144855
      178.500     0.138470
      178.600     0.132543
      178.700     0.127094
      178.800     0.122097
      178.900     0.117518
      179.000     0.113318
      179.100     0.109463
      179.200     0.105917
      179.300     0.102644
      179.400    0.0996087
      179.500    0.0967744
      179.600    0.0941056
      179.700    0.0915667
      179.800    0.0891220
      179.900    0.0867353
      180.000    0.0843706
      180.100    0.0817729
      180.200    0.0786327
      180.300    0.0755510
      180.400    0.0725332
      180.500    0.0695847
      180.600    0.0667119
      180.700    0.0639206
      180.800    0.0612172
      180.900    0.0586072
      181.000    0.0560960
      181.100    0.0536900
      181.200    0.0513950
      181.300    0.0492173
      181.400    0.0471624
      181.500    0.0452359
      181.600    0.0434220
      181.700    0.0416911
      181.800    0.0400970
      181.900    0.0386305
      182.000    0.0372826
      182.100    0.0360447
      182.200    0.0349077
      182.300    0.0338630
      182.400    0.0329016
      182.500    0.0320145
      182.600    0.0311928
      182.700    0.0304278
      182.800    0.0297106
      182.900    0.0290323
      183.000    0.0283839
      183.100    0.0277076
      183.200    0.0269346
      183.300    0.0262086
      183.400    0.0255261
      183.500    0.0248840
      183.600    0.0242791
      183.700    0.0237080
      183.800    0.0231677
      183.900    0.0226548
      184.000    0.0221660
      184.100    0.0216981
      184.200    0.0212479
      184.300    0.0208122
      184.400    0.0203877
      184.500    0.0199711
      184.600    0.0195377
      184.700    0.0190521
      184.800    0.0185782
      184.900    0.0181160
      185.000    0.0176660
      185.100    0.0172283
      185.200    0.0168033
      185.300    0.0163913
      185.400    0.0159926
      185.500    0.0156074
      185.600    0.0152360
      185.700    0.0148787
      185.800    0.0145359
      185.900    0.0142077
      186.000    0.0138945
      186.100    0.0135956
      186.200    0.0133124
      186.300    0.0130471
      186.400    0.0127978
      186.500    0.0125626
      186.600    0.0123397
      186.700    0.0121270
      186.800    0.0119228
      186.900    0.0117250
      187.000    0.0115319
      187.100    0.0113415
      187.200    0.0111518
      187.300    0.0109611
      187.400    0.0107674
      187.500    0.0105687
      187.600    0.0103514
      187.700    0.0100910
      187.800   0.00982520
      187.900   0.00955557
      188.000   0.00928379
      188.100   0.00901162
      188.200   0.00874075
      188.300   0.00847292
      188.400   0.00820981
      188.500   0.00795306
      188.600   0.00770443
      188.700   0.00746562
      188.800   0.00723836
      188.900   0.00702432
      189.000   0.00682517
      189.100   0.00664571
      189.200   0.00649238
      189.300   0.00635412
      189.400   0.00622964
      189.500   0.00611763
      189.600   0.00601683
      189.700   0.00592598
      189.800   0.00584379
      189.900   0.00576897
      190.000   0.00570025
      190.100   0.00563634
      190.200   0.00557597
      190.300   0.00551786
      190.400   0.00546074
      190.500   0.00540330
      190.600   0.00533959
      190.700   0.00526097
      190.800   0.00518390
      190.900   0.00510823
      191.000   0.00503379
      191.100   0.00496046
      191.200   0.00488809
      191.300   0.00481654
      191.400   0.00474567
      191.500   0.00467532
      191.600   0.00460535
      191.700   0.00453562
      191.800   0.00446599
      191.900   0.00439631
      192.000   0.00432642
      192.100   0.00425426
      192.200   0.00417486
      192.300   0.00409474
      192.400   0.00401429
      192.500   0.00393390
      192.600   0.00385399
      192.700   0.00377499
      192.800   0.00369730
      192.900   0.00362132
      193.000   0.00354746
      193.100   0.00347614
      193.200   0.00340775
      193.300   0.00334273
      193.400   0.00328147
      193.500   0.00322438
      193.600   0.00317381
      193.700   0.00313521
      193.800   0.00310166
      193.900   0.00307237
      194.000   0.00304657
      194.100   0.00302351
      194.200   0.00300240
      194.300   0.00298248
      194.400   0.00296299
      194.500   0.00294315
      194.600   0.00292220
      194.700   0.00289936
      194.800   0.00287387
      194.900   0.00284496
      195.000   0.00281186
      195.100   0.00277129
      195.200   0.00271685
      195.300   0.00265820
      195.400   0.00259589
      195.500   0.00253043
      195.600   0.00246237
      195.700   0.00239227
      195.800   0.00232067
      195.900   0.00224811
      196.000   0.00217511
      196.100   0.00210222
      196.200   0.00203000
      196.300   0.00195898
      196.400   0.00188970
      196.500   0.00182270
      196.600   0.00175690
      196.700   0.00168624
      196.800   0.00161587
      196.900   0.00154654
      197.000   0.00147898
      197.100   0.00141396
      197.200   0.00135221
      197.300   0.00129449
      197.400   0.00124155
      197.500   0.00119411
      197.600   0.00115294
      197.700   0.00111879
      197.800   0.00109240
      197.900   0.00107451
      198.000   0.00106588
      198.100   0.00106725
      198.200   0.00107894
      198.300   0.00110037
      198.400   0.00113083
      198.500   0.00116963
      198.600   0.00121605
      198.700   0.00126939
      198.800   0.00132893
      198.900   0.00139398
      199.000   0.00146383
      199.100   0.00153778
      199.200   0.00161511
      199.300   0.00169512
      199.400   0.00177710
      199.500   0.00186036
      199.600   0.00194418
      199.700   0.00202787
      199.800   0.00211069
      199.900   0.00219196
      200.000   0.00227098
